0.500865 0.074453 0.004514 0.200326 0.102348 0.302858 0.400535 0.400072 30.389305 8.999304 30.001040 59.326088 34.959196 63.549686 100.003073 5.000778 4.999809 1.989210 34.998573 1.999770 0.241031 0.798434 3.299998 0.580862 2.060948 7.415542
0.500524 0.059218 0.002755 0.200471 0.100375 0.300889 0.403412 0.400022 32.326628 8.999908 30.001115 51.191727 34.953325 62.424596 100.002342 5.000036 4.999551 1.996542 34.999876 1.999368 0.240534 0.798595 3.299925 0.581553 2.651474 5.104178
0.500573 0.080098 0.003049 0.203575 0.100036 0.302645 0.403481 0.403847 42.312935 8.999667 30.000598 40.223199 28.951889 61.674404 100.018732 5.001383 4.998687 1.997819 34.999880 1.999465 0.240581 0.798584 3.299894 0.589554 2.639719 5.114539
0.500564 0.074864 0.003748 0.200431 0.100090 0.303105 0.400369 0.400051 32.687616 8.999839 30.000988 53.610243 34.968071 63.087488 100.001942 5.000058 4.999552 1.996380 34.999905 1.999489 0.240871 0.799830 3.299938 0.586434 2.085938 7.395766
0.500609 0.080149 0.005911 0.200405 0.100816 0.302195 0.400533 0.400119 30.041677 8.990429 30.003970 47.598660 34.926191 62.025946 100.002682 5.000272 4.999978 1.995365 34.999900 1.999768 0.240077 0.798613 3.299972 0.588758 2.144266 5.222712
0.500871 0.066366 0.004441 0.200300 0.100271 0.302784 0.400466 0.400072 30.777815 8.999707 30.004143 61.039292 34.986841 63.580300 100.002344 5.002608 4.999864 1.989210 34.999932 1.999366 0.240018 0.798417 3.299979 0.580861 2.060927 7.416711
0.500614 0.080775 0.004429 0.200340 0.100048 0.300731 0.400528 0.400175 32.381403 8.999394 30.001563 69.085374 34.831728 65.142667 100.001556 5.001343 4.999910 1.998277 34.999856 1.999704 0.240975 0.799821 3.299642 0.580134 2.136667 7.493430
0.501253 0.079753 0.008051 0.201182 0.100364 0.302334 0.403371 0.400095 30.417170 8.999886 30.008183 49.444314 34.840256 61.504685 100.001765 5.001346 4.999910 1.973580 34.999870 1.999366 0.240129 0.798595 3.299841 0.580524 2.105251 5.103983
0.505633 0.076288 0.004826 0.200425 0.100635 0.302482 0.400262 0.403362 42.106076 8.998312 30.003747 40.156468 28.537058 64.564074 100.003611 5.001972 4.993036 1.989411 34.997754 1.998120 0.240081 0.798532 3.298951 0.661148 2.683601 5.107856
0.500529 0.079849 0.006578 0.200434 0.100031 0.300885 0.400122 0.400070 32.349376 8.999481 30.001117 53.170804 34.966685 63.084684 100.002365 5.000188 4.999893 1.996407 34.999871 1.999458 0.240119 0.798480 3.299841 0.590090 2.100998 6.283691
0.501355 0.059218 0.002696 0.201079 0.100358 0.300827 0.403412 0.400022 31.158957 8.999908 30.004187 47.181200 34.953325 63.413231 100.002342 5.000038 4.999724 1.978085 34.999875 1.999368 0.240530 0.798595 3.299725 0.581553 2.651474 5.103899
0.500480 0.074311 0.005907 0.200435 0.100036 0.302478 0.400524 0.400853 32.073269 8.997472 30.001551 60.455180 34.959092 63.936256 100.001737 5.001357 4.999910 1.998892 34.999842 1.999720 0.240360 0.799809 3.299988 0.586429 2.086069 7.493481
0.500843 0.082863 0.005927 0.201069 0.100028 0.303755 0.400095 0.400194 32.114415 8.999245 30.000747 58.355278 34.950675 63.874038 100.000380 5.001583 4.999505 1.994507 34.999869 1.999761 0.240920 0.797972 3.297221 0.589321 2.090383 7.468471
0.501230 0.074634 0.008112 0.200332 0.101280 0.301023 0.400045 0.400140 30.807433 8.999933 30.004155 48.792426 34.874112 61.596160 100.002342 5.000073 4.999926 1.975112 34.999787 1.999435 0.240592 0.798546 3.299769 0.587202 2.105276 5.102787
0.501620 0.074856 0.003688 0.200966 0.100263 0.306005 0.400466 0.400124 31.246054 8.999759 30.000337 51.840370 34.986273 62.966381 100.001914 5.000070 4.998747 1.995212 34.999896 1.999863 0.240085 0.798615 3.299681 0.587172 2.076700 5.223431
0.501787 0.084858 0.002796 0.200482 0.100519 0.300898 0.400594 0.400034 32.503947 8.998708 30.006075 56.035993 34.953626 63.326854 100.019791 5.000036 4.999874 1.993592 34.999872 1.999831 0.240563 0.798722 3.298986 0.580605 2.100719 7.486633
0.500523 0.083649 0.008006 0.200418 0.100036 0.302478 0.400363 0.400096 32.299311 8.997473 30.001551 61.980575 34.959089 63.936256 100.001756 5.001356 4.999910 1.998892 34.999843 1.993860 0.240356 0.799279 3.299988 0.587152 2.102141 7.492958
0.500578 0.079989 0.004796 0.200013 0.100016 0.303138 0.400373 0.400253 42.228066 8.988281 30.005983 40.142955 30.039755 61.595443 100.005686 5.000759 4.999879 1.988878 34.999849 1.999490 0.240934 0.799279 3.297001 0.580317 2.194045 5.108679
0.500619 0.080074 0.005923 0.200325 0.100870 0.300731 0.403558 0.400895 30.018691 8.990501 30.001562 68.955356 34.830984 65.142218 100.019194 5.000117 4.999827 1.982169 34.999858 1.999997 0.240972 0.798512 3.299637 0.580154 2.144736 7.499842
0.500853 0.088831 0.002866 0.200339 0.100149 0.315015 0.403605 0.400174 32.322782 8.999723 30.001561 52.291330 34.986273 63.130700 100.009025 5.000070 4.999848 1.981841 34.999811 1.999483 0.240012 0.798617 3.283998 0.580166 2.100018 5.134491
0.500973 0.081221 0.004589 0.210373 0.100444 0.302472 0.400350 0.400147 32.810593 8.998596 30.001739 71.973897 34.958579 68.630275 100.019471 5.000138 4.999806 1.988671 34.999856 1.999504 0.240992 0.799109 3.297300 0.583110 2.058804 7.491242
0.505594 0.079851 0.002903 0.200048 0.100766 0.301210 0.400532 0.404210 32.273916 8.999415 30.001734 62.418229 34.986286 64.478941 100.002845 5.001315 4.999990 1.994341 34.999401 1.999829 0.240002 0.798499 3.297266 0.580368 2.139294 7.478110
0.501794 0.084846 0.005882 0.200462 0.100548 0.302482 0.400534 0.400855 30.578508 8.999548 30.008353 67.568011 34.867185 64.907415 100.019655 5.000032 4.999588 1.983672 34.999804 1.999876 0.240916 0.799232 3.298255 0.580524 2.085633 7.495043
0.500556 0.090880 0.004788 0.201038 0.100793 0.315848 0.400249 0.400288 40.632320 8.999747 30.001494 43.967086 31.350113 61.591033 100.000048 5.001361 4.999435 1.996527 34.999859 1.999924 0.240977 0.798381 3.299969 0.587945 2.139166 5.108610
0.505358 0.074723 0.005812 0.200091 0.100168 0.302891 0.400629 0.400161 31.201810 8.999484 30.004175 50.467072 34.959256 62.996928 100.002350 5.000736 4.999541 1.992001 34.999957 1.999481 0.240083 0.798436 3.300000 0.580915 2.313706 5.140287
0.500590 0.080724 0.002886 0.200486 0.100036 0.302478 0.400524 0.400032 32.299311 8.999963 30.001551 54.594996 34.959089 63.079417 100.001756 5.002713 4.999910 1.998892 34.999842 1.999720 0.240359 0.799565 3.299953 0.587173 2.086074 7.493481
0.500886 0.074337 0.006659 0.200439 0.100713 0.302380 0.400591 0.403597 31.279175 8.999704 30.008282 63.611601 34.957103 64.563375 100.002290 5.000060 4.999983 1.991036 34.999832 1.999721 0.240073 0.798481 3.299954 0.586139 2.089862 7.489689
0.501139 0.084869 0.003006 0.200481 0.100054 0.300910 0.403465 0.400100 31.258246 8.998749 30.002358 63.140460 34.955192 64.563375 100.002086 5.000036 4.999876 1.993394 34.999802 1.999490 0.240300 0.798746 3.299613 0.580567 2.080626 7.489408
0.500067 0.081198 0.002890 0.201100 0.100397 0.302525 0.400796 0.400093 32.731578 8.997776 30.005976 57.433734 34.973967 63.208695 100.008899 5.000154 4.999998 1.993099 34.999861 1.999931 0.240574 0.798734 3.299969 0.580669 2.101019 7.432654
0.501401 0.081725 0.006776 0.200468 0.100364 0.302375 0.403400 0.400017 30.783267 8.999932 30.004118 48.980545 34.953325 61.569495 100.002342 5.000059 4.999925 1.988036 34.999874 1.999368 0.240594 0.798595 3.298252 0.581537 2.612385 5.104178
0.502031 0.059621 0.004882 0.200149 0.100089 0.304387 0.400545 0.400784 32.674642 8.998767 30.000243 54.162003 34.872669 63.073544 100.008125 5.000101 4.999959 1.964653 34.999973 1.999928 0.240519 0.798597 3.298925 0.580318 2.139744 7.331796
0.505526 0.076629 0.003066 0.203677 0.100515 0.302493 0.400549 0.401112 32.183403 8.999743 30.005911 53.341550 34.497564 62.996409 100.001816 5.000740 4.999866 1.997045 34.998551 1.999592 0.240616 0.799657 3.296471 0.587298 2.098804 5.255774
0.500847 0.059399 0.005927 0.201096 0.100029 0.302482 0.400283 0.400124 32.114415 8.998958 30.000736 57.949033 34.950675 63.087013 100.000507 5.001583 4.999499 1.983494 34.999405 1.999759 0.240920 0.797958 3.297221 0.580470 2.090788 7.468471
0.501402 0.076640 0.002893 0.200051 0.100521 0.304786 0.400387 0.400854 32.354341 8.999831 30.000827 53.433002 34.952435 63.002408 100.001620 5.002641 4.999967 1.993333 34.999869 1.999864 0.240630 0.799609 3.299617 0.591461 2.089826 7.351757
0.503023 0.059950 0.002796 0.200493 0.100072 0.300323 0.403460 0.400196 32.669073 8.998754 30.008075 54.179596 34.875407 63.398729 100.008446 5.000158 4.999651 1.977945 34.999869 1.999825 0.240003 0.798538 3.299779 0.581495 2.086292 6.489938
0.500869 0.073149 0.006551 0.200477 0.100459 0.301198 0.400173 0.400065 32.311402 5.365320 30.001181 74.848258 34.989312 70.876624 100.002374 5.001551 4.999567 1.995247 34.999831 1.999505 0.240228 0.798142 3.299817 0.586462 2.101170 7.469942
0.500564 0.074795 0.003685 0.200431 0.101238 0.303095 0.400361 0.400049 32.339583 8.999871 30.001123 53.610243 34.968071 63.087488 100.001912 5.000059 4.999551 1.996380 34.999906 1.999863 0.240084 0.798439 3.299938 0.587195 2.085938 5.222172
0.500862 0.080758 0.005788 0.201084 0.100446 0.302482 0.400223 0.400090 32.015295 8.997572 30.001244 77.504768 34.977054 72.798923 100.001978 5.001579 4.999499 1.988671 34.999830 1.999700 0.240548 0.798538 3.297155 0.583124 2.183973 7.461961
0.505362 0.058805 0.002855 0.200488 0.100443 0.304768 0.400348 0.400076 32.756574 8.999669 30.000805 55.786324 34.986233 63.213178 100.002362 5.000144 4.999877 1.994106 34.999858 1.999881 0.240998 0.797806 3.299979 0.580861 2.085391 7.495087
0.501816 0.079622 0.004991 0.203683 0.100741 0.300798 0.400913 0.400014 32.273916 8.999655 30.005717 61.785452 34.986992 64.478800 100.002369 5.000738 4.999990 1.994320 34.999858 1.999830 0.240558 0.798487 3.299858 0.580366 2.143034 7.490326
0.500614 0.083042 0.005960 0.200032 0.100697 0.302226 0.400631 0.400155 31.155445 8.998901 30.001019 64.231424 34.905461 64.858788 100.008995 5.002582 4.999511 1.983546 34.999774 1.999780 0.240049 0.798418 3.299605 0.580402 2.085805 7.496781
0.501008 0.083461 0.004365 0.200069 0.100770 0.302858 0.400535 0.400096 32.298968 8.999703 30.001013 63.098715 34.959087 63.835857 100.001588 5.001347 4.999864 1.989210 34.998573 1.999531 0.240022 0.798401 3.299990 0.581069 2.101435 7.493368
0.500546 0.077110 0.007594 0.200165 0.100305 0.303130 0.400502 0.400865 32.752151 5.404782 30.003977 72.703772 34.873311 68.525745 100.002662 5.000366 4.998700 1.993996 34.999809 1.999209 0.240347 0.799085 3.297304 0.580115 2.085092 7.464800
0.500529 0.073174 0.006590 0.200432 0.100031 0.300885 0.400122 0.400070 32.349376 8.999481 30.001187 59.254422 34.966685 63.662143 100.002365 5.000070 4.999848 1.990928 34.999871 1.999458 0.240882 0.798481 3.299841 0.590090 2.101192 7.457567
0.500493 0.080502 0.005739 0.200085 0.100379 0.303204 0.400527 0.400865 32.634250 8.999552 30.001469 54.430759 34.959320 62.992976 100.003246 5.001528 4.999900 1.978049 34.999959 1.999783 0.240326 0.798509 3.299911 0.581524 2.096144 7.420830
0.505623 0.080054 0.005359 0.200325 0.100286 0.302188 0.400051 0.400163 32.780286 8.999887 30.004217 74.549008 34.969275 70.114525 100.001634 5.001351 4.999943 1.994420 34.999940 1.999512 0.240543 0.798530 3.297300 0.580471 2.040133 7.495411
0.500655 0.085013 0.005877 0.200487 0.101310 0.300763 0.400537 0.400845 32.288711 8.999701 30.008353 65.829835 34.958845 64.946000 100.003531 5.002662 4.999865 1.965600 34.999819 1.999514 0.240076 0.798416 3.298315 0.580527 2.086528 7.495043
0.500840 0.079971 0.003055 0.200503 0.100298 0.300778 0.407724 0.400849 30.057540 8.998740 30.001246 78.504559 34.960799 72.919645 100.008411 5.000158 4.999501 1.989227 34.999818 1.999980 0.240573 0.798538 3.297213 0.580899 2.086468 7.460568
0.500843 0.089279 0.005009 0.200408 0.100028 0.300869 0.403316 0.400159 32.909915 8.998664 30.001497 55.237371 34.977004 63.055663 100.001991 5.000800 4.999435 1.991810 34.999887 1.995854 0.240053 0.798449 3.299987 0.586406 2.183974 7.493000
0.500844 0.085013 0.005877 0.200487 0.101310 0.300763 0.400537 0.400845 32.288711 8.999701 30.008353 65.509808 34.977134 64.990543 100.003531 5.002662 4.999881 1.965600 34.999819 1.999608 0.240076 0.798416 3.299924 0.580527 2.086528 7.495043
0.500481 0.080502 0.005743 0.200369 0.100382 0.303186 0.400546 0.400864 32.639219 8.999937 30.000808 54.420527 34.992189 63.247951 100.002353 5.000032 4.999545 1.996434 34.999861 1.999722 0.240549 0.798480 3.299910 0.581524 2.089117 6.498757
0.500643 0.080495 0.002385 0.200442 0.100804 0.300802 0.403512 0.402870 41.153050 8.999107 30.004187 41.686624 29.959388 61.175916 100.005619 5.000110 4.997318 1.988544 34.999847 1.998185 0.240931 0.798544 3.299705 0.586283 2.142748 5.114067
0.501628 0.079954 0.005068 0.201078 0.100109 0.317367 0.400480 0.400035 32.420740 8.999704 30.005765 53.221899 34.978197 62.915974 100.008382 5.001999 4.999979 1.994886 34.999899 1.999772 0.240086 0.798614 3.299510 0.580568 2.661805 5.188498
0.501401 0.059218 0.002755 0.200471 0.100363 0.300827 0.403412 0.400022 30.780939 8.999908 30.004187 48.980545 34.953325 63.413231 100.002342 5.000036 4.999650 1.978085 34.999875 1.999368 0.240535 0.798595 3.299603 0.581553 2.651474 5.104178
0.501613 0.088831 0.002866 0.200966 0.100273 0.303209 0.400518 0.400120 31.263092 8.988613 30.000332 51.840370 34.986273 62.967408 100.002845 5.000070 4.998747 1.995215 34.999896 1.999844 0.240007 0.798615 3.299681 0.580217 2.639113 5.134491
0.500524 0.080053 0.005804 0.200116 0.100348 0.302289 0.403243 0.402928 32.366620 8.999895 30.002967 64.191361 34.969595 64.840487 100.001596 5.001350 4.999567 1.989253 34.999806 1.999509 0.240073 0.799103 3.297300 0.595759 2.085720 7.495026
0.500473 0.083639 0.005738 0.200108 0.100379 0.302456 0.400283 0.400115 30.465030 8.998961 30.003972 59.545497 34.959160 63.563479 100.003215 5.000330 4.999873 1.966148 34.999842 1.999881 0.240312 0.798635 3.298323 0.580476 2.099968 7.494818
0.500510 0.076972 0.007076 0.200048 0.100293 0.300809 0.400388 0.400851 32.677345 8.998746 30.001600 54.173026 34.875407 63.386070 100.008130 5.000733 4.999961 1.964911 34.999966 1.999834 0.240539 0.799996 3.299631 0.591761 2.299638 6.476217
0.501990 0.073224 0.008345 0.201220 0.100140 0.303246 0.400095 0.400078 32.494271 8.999778 30.000065 58.679993 34.904485 63.637385 100.003083 5.000070 4.998624 1.988397 34.999843 1.999854 0.240892 0.798505 3.299925 0.596694 2.088581 7.442867
0.500575 0.104485 0.002937 0.200165 0.100305 0.300822 0.400206 0.400093 32.752151 8.919995 30.004010 72.703772 34.969628 68.458002 100.002662 5.001519 4.998692 1.993991 34.999878 1.999389 0.240047 0.799081 3.297304 0.580067 2.061552 7.452588
0.500547 0.079991 0.006469 0.201077 0.100793 0.315848 0.400161 0.400288 40.552328 8.999935 30.001494 43.967086 31.350113 63.035851 100.000048 5.001361 4.999638 1.996527 34.999859 1.999451 0.240148 0.798382 3.299969 0.587945 2.139166 5.110301
0.506272 0.079953 0.002922 0.200326 0.100814 0.302164 0.400654 0.400900 30.808853 8.998889 30.003322 45.700289 34.877333 62.918608 100.002900 5.001359 4.999892 1.994990 34.999881 1.984661 0.240087 0.795105 3.299732 0.580165 2.623810 5.181895
0.510609 0.075249 0.002761 0.200926 0.101229 0.302316 0.401131 0.400907 31.150878 8.998948 30.000748 47.221083 34.850538 62.994051 100.002729 5.001337 4.999786 1.999371 34.998802 1.999932 0.240089 0.798430 3.299976 0.580530 2.102242 5.127305
0.505416 0.079983 0.004416 0.200428 0.100156 0.302833 0.400942 0.400016 32.317272 8.995525 30.001160 58.914078 34.976693 63.835940 100.002844 5.002535 4.999879 1.993325 34.999800 1.999508 0.240007 0.799099 3.299796 0.585282 2.120103 7.492307
0.505449 0.080777 0.004989 0.201085 0.100553 0.303243 0.400115 0.400191 31.143452 8.990440 30.001124 47.250689 34.980281 62.013363 100.002381 5.000186 4.997323 1.998991 34.999830 1.999705 0.240930 0.798538 3.299726 0.588600 2.659918 5.115170
0.502036 0.079990 0.004878 0.200015 0.100554 0.302327 0.400357 0.400628 30.583405 8.990194 30.000699 66.391789 34.868721 64.936410 100.008205 5.000024 4.999594 1.983695 34.999800 1.999958 0.240098 0.799231 3.298261 0.580452 2.101190 7.498348
0.500813 0.064626 0.007696 0.200370 0.100706 0.300888 0.400263 0.401134 32.741350 8.999743 30.005927 53.160095 34.875572 62.997834 100.019159 5.000725 4.999866 1.965995 34.998755 1.999718 0.240688 0.798566 3.296483 0.581541 2.598972 6.257545
0.501031 0.080269 0.004458 0.200073 0.100770 0.302858 0.400535 0.402401 32.309229 8.999703 30.000702 62.866249 34.959196 63.835857 100.001588 5.035985 4.999865 1.988871 34.998573 1.999508 0.240019 0.798429 3.299990 0.585695 2.151305 7.493384
0.500509 0.082612 0.005891 0.200332 0.100037 0.302478 0.400518 0.400140 30.807433 8.999839 30.004199 48.882331 34.970393 61.596160 100.001587 5.001551 4.999926 1.999365 34.999805 1.999435 0.240857 0.799809 3.299934 0.587192 2.090734 5.225322
0.500578 0.079989 0.002276 0.200013 0.100016 0.302306 0.400373 0.400218 42.228066 8.989821 30.005917 41.355393 30.039755 61.595443 100.005699 5.000756 4.999879 1.988878 34.999806 1.999490 0.240934 0.799279 3.299500 0.586051 2.219465 5.114067
0.500524 0.083634 0.002525 0.200326 0.100379 0.302172 0.400283 0.400900 32.293735 8.998953 30.001067 56.582006 34.959168 63.364003 100.003047 5.001342 4.999875 1.998855 34.999843 1.999854 0.240088 0.799242 3.299997 0.580534 2.138752 7.478486
0.500095 0.059678 0.002525 0.200326 0.100395 0.302164 0.400283 0.400125 32.293735 8.998953 30.000640 54.187579 34.959168 63.073818 100.003047 5.000122 4.999598 1.983846 34.999843 1.999854 0.240088 0.798616 3.299999 0.580534 2.138752 7.478249
0.500565 0.080458 0.005741 0.200429 0.100045 0.305831 0.400377 0.400050 32.716705 8.999875 30.001122 53.153473 34.965809 63.087488 100.001941 5.000044 4.999552 1.996376 34.999906 1.999493 0.240280 0.798481 3.299969 0.580241 2.085625 6.074549
0.500615 0.080727 0.002964 0.200436 0.100036 0.302483 0.400174 0.400069 32.301794 8.997459 30.001594 56.851274 34.986209 63.654951 100.002333 5.000058 4.999859 1.999014 34.999830 1.999698 0.240359 0.798581 3.299970 0.584055 2.048954 7.488197
0.501996 0.080336 0.003175 0.201003 0.100760 0.301035 0.404103 0.401721 32.380152 8.990093 30.000851 64.986767 34.986255 65.036106 100.002497 5.000054 4.998735 1.994114 34.999919 1.999868 0.240015 0.799595 3.299605 0.586174 2.088961 7.492506
0.505526 0.076629 0.003067 0.203677 0.100515 0.302484 0.400299 0.401112 32.185697 8.999753 30.003004 53.341550 34.497564 62.996409 100.008205 5.000804 4.999724 1.997035 34.999966 1.999588 0.240608 0.799650 3.296471 0.587461 2.302497 5.201220
0.500831 0.081145 0.005851 0.201086 0.100443 0.303754 0.400326 0.400045 32.015295 8.997593 30.001482 57.384413 34.958991 63.746822 100.001627 5.001579 4.999903 1.996139 34.999830 1.999688 0.240057 0.798538 3.299929 0.589423 2.183432 7.432209
0.504220 0.083162 0.004953 0.200446 0.101388 0.300826 0.400105 0.400075 35.341983 5.190558 30.001130 78.070659 34.963030 70.668366 100.001860 5.000147 4.999893 1.969429 34.999861 1.999880 0.241008 0.798542 3.297280 0.590040 2.095940 7.464572
0.502711 0.062506 0.007966 0.200071 0.100803 0.300897 0.403956 0.400602 30.910012 8.999270 30.005990 51.681878 34.969746 63.100925 100.001860 5.000720 4.999936 1.998961 34.999992 1.999916 0.240987 0.798061 3.299731 0.580669 2.647079 5.140284
0.500574 0.080272 0.004954 0.200212 0.101404 0.303411 0.400155 0.400094 31.330767 5.156147 30.000840 79.715926 33.570692 70.125413 100.001933 5.001513 4.998681 1.975204 34.999880 1.999766 0.240392 0.798697 3.299726 0.585789 2.061059 7.487593
0.505616 0.088831 0.002912 0.200058 0.100149 0.303209 0.400521 0.400120 31.264895 8.999405 30.000332 52.291330 34.986273 63.066645 100.002845 5.000721 4.998747 1.995215 34.999896 1.999507 0.240007 0.798859 3.296338 0.585214 2.639113 5.134491
0.500843 0.082863 0.005927 0.201096 0.100029 0.302482 0.400095 0.400194 32.114415 8.999245 30.000736 57.976200 34.950675 64.562557 100.000380 5.001583 4.999499 1.994507 34.999405 1.999759 0.240920 0.797967 3.297221 0.589321 2.090383 7.468471
0.501194 0.081674 0.002493 0.200475 0.100296 0.300840 0.401183 0.400164 30.757596 8.999821 30.004236 45.619828 34.903687 61.701816 100.001232 5.000071 4.999891 1.999074 34.999893 1.999395 0.240926 0.798617 3.299719 0.584598 2.080441 5.104545
0.500571 0.074959 0.001930 0.200431 0.100045 0.300857 0.400372 0.400050 32.716705 8.999908 30.001122 53.153473 34.953419 63.083222 100.001941 5.000059 4.999552 1.996376 34.999904 1.999584 0.240280 0.798481 3.299953 0.580188 2.659006 6.074549
0.501373 0.059464 0.005432 0.200488 0.100055 0.302127 0.400269 0.401792 32.756662 8.999895 30.004137 56.332485 34.986224 63.213178 100.002361 5.000144 4.999526 1.975206 34.999897 1.999881 0.240993 0.797806 3.299989 0.580843 2.141314 7.493144
0.500444 0.084767 0.002769 0.200442 0.100028 0.300769 0.400393 0.400173 42.192843 8.989520 30.000770 43.105077 30.274795 62.859991 100.002699 5.000366 4.999910 1.989257 34.999860 1.999655 0.240248 0.798716 3.297304 0.587586 2.102960 5.127305
0.500556 0.080273 0.008059 0.200039 0.100457 0.303141 0.400534 0.400916 42.088526 8.999691 30.000813 40.851296 29.507454 61.587658 100.003913 5.000810 4.999863 1.991899 34.999809 1.999876 0.240032 0.798550 3.299853 0.580334 2.220995 5.163704
0.502992 0.066148 0.005879 0.200487 0.100301 0.305152 0.404099 0.400193 32.748770 8.999658 30.008055 55.583775 34.988094 63.191106 100.001560 5.000159 4.999863 1.987908 34.999927 1.999984 0.240014 0.798336 3.299770 0.581480 2.084910 7.475376
0.505460 0.074221 0.005061 0.200425 0.100273 0.303265 0.400113 0.400189 31.148909 8.999765 30.004058 50.469233 34.978688 61.984240 100.003113 5.000266 4.997323 1.999099 34.999860 1.999928 0.240030 0.798617 3.299761 0.588675 2.660400 5.115170
0.502045 0.079990 0.002492 0.200019 0.100034 0.302167 0.400357 0.400119 32.287363 8.998951 30.004037 66.372924 34.958854 64.888186 100.008580 5.000746 4.999963 1.983655 34.999800 1.999880 0.240069 0.799301 3.298296 0.580045 2.101188 7.498348
0.500824 0.080102 0.007762 0.200115 0.101208 0.300793 0.400358 0.400158 41.935356 8.999349 30.003029 43.062000 30.190686 61.587658 100.008967 5.000803 4.999932 1.988661 34.999807 1.999742 0.240236 0.799604 3.297289 0.580211 2.085753 5.127625
0.500522 0.079666 0.005729 0.200328 0.100454 0.303232 0.400051 0.400007 32.661233 8.998392 30.001724 53.504351 34.969852 63.209327 100.001541 5.000706 4.999989 1.988253 34.999979 1.999833 0.240051 0.798203 3.297574 0.580645 2.119818 6.476198
0.500890 0.088860 0.007762 0.200372 0.100439 0.303761 0.400525 0.400865 41.689709 8.989973 30.000759 44.353729 30.316964 61.504272 100.008969 5.000061 4.998688 1.988692 34.999831 1.999482 0.240951 0.799807 3.298751 0.586440 2.089135 5.147965
0.501968 0.080507 0.008350 0.200073 0.100215 0.303201 0.400904 0.402399 30.707383 8.999882 30.000705 70.415803 34.897306 68.042522 100.001938 5.000719 4.998681 1.979686 34.999880 1.999724 0.240280 0.798447 3.299968 0.585792 2.086556 7.487833
0.502061 0.080502 0.005743 0.200022 0.100382 0.303186 0.400546 0.400864 32.296126 8.999937 30.000944 54.646951 34.991435 63.286951 100.002438 5.000032 4.999959 1.996434 34.999861 1.999722 0.240546 0.798481 3.299910 0.580053 2.089479 6.498757
0.505521 0.076708 0.003070 0.203690 0.100394 0.302528 0.400548 0.401125 32.718814 8.988121 30.005911 54.940103 34.958859 63.184316 100.008786 5.000748 4.999863 1.993138 34.999861 1.999925 0.240565 0.798706 3.299969 0.580669 2.101019 7.478372
0.500481 0.080578 0.005738 0.200050 0.100379 0.301005 0.400373 0.400162 32.114513 8.997591 30.001551 60.155283 34.950661 63.947362 100.003236 5.001526 4.999504 1.994664 34.999869 1.999721 0.240310 0.799563 3.297236 0.586169 2.089721 7.478326
0.500347 0.077068 0.002795 0.200367 0.100486 0.302510 0.400632 0.400669 33.377337 8.999904 30.003959 67.791659 34.870638 65.522331 100.005803 5.000804 4.999787 1.991820 34.999967 1.999585 0.240598 0.799628 3.297911 0.587502 2.086375 7.429199
0.507511 0.079962 0.002593 0.200103 0.100092 0.303958 0.403476 0.400099 41.931088 8.988480 30.001062 42.702695 30.138927 63.036800 100.002063 5.000010 4.999488 1.993139 34.999910 1.999774 0.240113 0.798516 3.299963 0.580535 2.138899 5.131994
0.501283 0.064813 0.004894 0.200055 0.100085 0.303283 0.400262 0.400105 32.742908 8.998776 30.006326 53.715127 34.872164 62.936061 100.019159 5.000705 4.999959 1.991097 34.999858 1.999718 0.240126 0.799098 3.299870 0.596686 2.135783 6.283754
0.505502 0.079983 0.004416 0.200340 0.100048 0.302841 0.400953 0.400047 32.140468 8.995351 30.001151 60.831581 34.987046 63.835924 100.002612 5.001333 4.999989 1.998310 34.999856 1.999707 0.240009 0.799097 3.299796 0.580133 2.120031 7.492535
