0.309267 0.490050 0.103701 0.090323 0.050196 0.658373 0.795916 0.203810 99.991958 8.992429 199.705567 63.054912 8.022614 80.073445 60.002631 11.959585 7.996963 2.000126 0.402779 4.994880 40.000386 1.249617 6.681984 10.003019 11.994906 14.986008
0.319059 0.489546 0.104165 0.112821 0.050325 0.655052 0.796067 0.200534 99.990685 8.996881 188.780780 119.999836 8.017249 100.904408 60.023963 11.980360 7.996218 2.002790 0.404329 4.994488 40.002523 1.249932 6.696907 10.002215 11.987778 14.999182
0.252072 0.498289 0.119376 0.107791 0.051687 0.661058 0.796468 0.200561 99.991373 8.988043 199.859685 61.224287 8.001446 80.096217 60.007452 11.975033 7.997718 2.000444 0.403976 4.994833 40.000213 1.249916 6.697036 10.000282 11.998100 10.659870
0.274769 0.496440 0.118481 0.109632 0.062298 0.667252 0.787933 0.211851 90.131088 0.307102 155.893202 119.941104 8.022361 101.608063 62.183502 8.188349 7.987156 2.000580 0.413683 4.994772 40.000825 1.249927 6.686213 10.001821 11.979172 14.937172
0.302238 0.489915 0.103456 0.113191 0.050235 0.635305 0.789360 0.203780 99.996160 8.993458 199.799608 79.004358 8.010168 80.037058 60.001659 11.999210 7.997072 2.001378 0.404916 4.999636 40.001318 1.249615 6.682195 10.000160 11.994539 14.990507
0.308314 0.481584 0.115742 0.110793 0.051320 0.670016 0.795978 0.200391 99.997473 8.997677 173.208432 119.991181 8.001366 103.731126 60.001811 8.223709 7.999104 2.001385 0.407517 4.999347 40.000070 1.246718 6.697055 10.003013 11.986438 14.998806
0.271862 0.481151 0.103893 0.096005 0.051748 0.656806 0.795706 0.200817 99.994370 8.999032 199.885768 118.915784 8.019679 94.366829 60.022780 11.999800 7.904512 2.000918 0.407801 4.997727 40.001923 1.247187 6.699512 10.002156 11.994092 14.602130
0.242166 0.498236 0.115952 0.097019 0.054183 0.682786 0.789531 0.202392 99.993291 8.996878 183.352862 119.990386 8.002135 97.816126 60.025913 8.065494 7.960803 2.000745 0.407398 4.999463 40.000040 1.249904 6.689582 10.000290 11.993911 14.997453
0.252573 0.485624 0.115742 0.100199 0.051320 0.669824 0.795978 0.200656 99.992527 0.923764 163.616042 119.971575 8.000790 100.942572 60.024438 8.223709 7.958203 2.000424 0.407600 4.999343 40.000042 1.245520 6.697055 10.002919 11.995651 14.943214
0.281771 0.489680 0.117616 0.110981 0.052424 0.659507 0.789662 0.200012 99.993277 8.953499 167.576950 119.995346 8.146528 102.737161 60.026735 8.027400 7.999551 2.050045 0.413258 4.994347 40.001816 1.245681 6.696830 10.000022 11.994788 14.999196
0.299344 0.495958 0.118014 0.106803 0.052517 0.622095 0.792749 0.200543 99.997451 8.997298 199.863482 103.758591 8.022189 80.503599 60.035391 11.818813 7.996374 2.000112 0.404249 4.999607 40.001909 1.249893 6.692340 10.000604 11.995382 14.991279
0.325952 0.493716 0.118330 0.103405 0.051764 0.658040 0.795942 0.203604 99.997781 8.993812 199.935665 60.176640 8.006512 80.268757 60.022233 11.998651 7.958324 2.016329 0.412989 4.999510 40.000210 1.249876 6.698490 10.002811 11.998709 7.604025
0.248406 0.487982 0.115907 0.099978 0.053211 0.658689 0.793742 0.200216 99.995931 8.970702 174.863095 119.629078 8.005767 95.418197 60.024768 8.024962 7.998914 2.012627 0.424078 4.998902 40.001423 1.246627 6.697145 10.000251 11.994621 14.998307
0.320130 0.480855 0.103482 0.109678 0.053262 0.671044 0.795771 0.203771 99.992993 8.996949 199.840118 92.166683 8.020780 80.515716 60.025206 11.977521 7.999234 2.001401 0.403756 4.999434 40.000024 1.247312 6.697998 10.000272 11.994599 14.977486
0.273141 0.495458 0.114710 0.106164 0.052518 0.669835 0.796829 0.200229 99.997307 8.998085 199.805686 89.743121 8.007267 80.120905 60.031980 11.891413 7.999111 2.001626 0.404183 4.999768 40.000342 1.249901 6.697089 10.001829 11.986206 14.809867
0.273706 0.493637 0.118147 0.113441 0.052565 0.670125 0.795705 0.200401 99.998126 8.993181 199.805362 84.630170 8.006522 80.521803 60.001782 11.994163 7.996353 2.001386 0.400587 4.996714 40.001432 1.247907 6.693132 10.003026 11.986423 14.553134
0.251944 0.498211 0.109807 0.112933 0.056274 0.683097 0.798126 0.202381 99.991788 8.993293 199.859896 94.952570 8.023557 80.475582 60.023989 11.894908 7.997883 2.000772 0.406100 4.998978 40.000721 1.249920 6.699324 10.000282 11.995059 14.941706
0.318999 0.489735 0.124771 0.112697 0.052732 0.660764 0.796428 0.200418 99.925257 8.997601 199.624019 119.999614 8.001702 96.671599 60.011198 11.998127 7.999755 2.000261 0.400487 4.998756 40.002526 1.249893 6.686796 10.002175 11.986824 9.867237
0.316023 0.491643 0.115499 0.118958 0.050184 0.660888 0.789632 0.203539 99.990571 8.997481 198.188136 119.999836 8.017709 101.022468 60.002032 11.945273 7.996222 2.019275 0.400397 4.995697 40.000812 1.249526 6.698586 10.003055 11.995429 14.992658
0.298064 0.495556 0.122718 0.120427 0.052691 0.662061 0.794175 0.200399 99.999584 8.995752 199.877502 69.472840 8.001628 80.070373 60.009394 11.945312 7.958527 2.000444 0.406178 4.998720 40.001777 1.249694 6.686980 10.001647 11.992594 14.926551
0.305831 0.493088 0.103261 0.115515 0.050092 0.670234 0.784925 0.203772 99.999371 8.998485 199.785261 119.956503 8.013559 96.271419 60.025406 11.964246 7.963030 2.007918 0.400247 4.999750 40.000822 1.249799 6.697060 10.002375 11.997154 8.012652
0.330209 0.491527 0.115465 0.097325 0.051449 0.646591 0.795829 0.203477 99.990570 8.997463 199.954971 90.156349 8.017486 81.247589 60.070025 11.996654 7.997241 2.000265 0.410915 4.995703 40.000825 1.249893 6.693667 10.002213 11.995369 14.992515
0.252702 0.495132 0.119412 0.093500 0.050082 0.673018 0.789840 0.200588 99.991438 8.988022 199.516143 119.894926 8.011020 96.756148 60.007619 11.974092 7.997728 2.000784 0.400522 4.999013 40.001789 1.249932 6.699319 10.000285 11.985235 14.960136
0.251477 0.476849 0.119498 0.114215 0.062642 0.658329 0.793781 0.200496 99.998205 8.995868 199.472689 65.147121 8.005647 80.105180 60.024442 11.828050 7.995115 2.000382 0.405320 4.999819 40.000018 1.249591 6.686604 10.001406 11.998467 14.983451
0.333560 0.495510 0.115758 0.105926 0.053835 0.639248 0.794372 0.204355 99.999611 8.994961 199.935758 62.876681 8.000778 80.188555 60.022113 11.687269 7.995643 2.000707 0.407794 4.999385 40.000789 1.249894 6.692367 10.000627 11.995268 8.321514
0.248546 0.495215 0.103106 0.112697 0.052425 0.666083 0.789083 0.200384 99.996401 8.994786 170.058391 119.970248 8.002283 101.418887 60.003258 8.195821 7.997856 2.006975 0.404110 4.994793 40.000725 1.249997 6.699972 10.002391 11.986807 14.949223
0.307667 0.498222 0.114710 0.101064 0.050072 0.670236 0.789633 0.203777 99.998188 8.988084 199.608006 61.996904 8.019364 80.236392 60.011045 11.981937 7.998813 2.000904 0.404090 4.997736 40.000800 1.249901 6.697089 10.001734 11.997116 14.809867
0.302957 0.489720 0.119504 0.114547 0.050366 0.658050 0.796585 0.200755 99.991394 8.993407 199.855821 119.956991 8.001435 95.586144 60.025811 11.974750 7.995060 2.012349 0.405088 4.999674 40.000816 1.249622 6.699912 10.039172 11.994842 14.982900
0.305705 0.489469 0.116613 0.106292 0.050120 0.632815 0.788153 0.200375 97.208546 8.569781 156.868839 119.999140 8.023398 100.118776 60.055798 8.213159 7.985094 2.010275 0.409706 4.997721 40.001416 1.249716 6.687042 10.001095 11.999936 14.974608
0.316023 0.489627 0.116117 0.110089 0.050184 0.660888 0.798301 0.200368 99.988755 8.997111 167.513872 119.999836 8.024113 100.904408 60.002636 8.326243 7.996222 2.019284 0.414686 4.994506 40.002490 1.249530 6.696784 10.001781 11.995045 14.992526
0.274557 0.496743 0.115702 0.106551 0.051419 0.632840 0.789897 0.200036 99.998208 8.969990 199.961819 61.260708 8.023417 80.059348 60.002107 11.974364 7.959527 2.000798 0.403856 4.998743 40.000052 1.249743 6.697191 10.136847 11.985633 12.664547
0.251696 0.495212 0.102757 0.110947 0.051326 0.659396 0.788308 0.203659 99.993028 8.993505 164.564323 119.792541 8.006335 102.379924 60.011062 8.050629 7.999129 2.001532 0.413456 4.998817 40.000293 1.249913 6.698137 10.007671 11.987695 14.998839
0.243300 0.495983 0.115951 0.092082 0.050238 0.669226 0.797328 0.203735 99.993269 8.997273 194.149549 119.541689 8.013491 97.784603 60.026333 11.991460 7.962137 2.000472 0.407164 4.999431 40.000004 1.249922 6.689657 10.000799 11.981193 14.986083
0.330075 0.495873 0.103781 0.110064 0.065519 0.657668 0.796153 0.200167 99.994411 8.995204 182.665134 119.952236 8.036118 102.642244 60.011117 8.240722 7.998313 2.000411 0.413444 4.999010 40.001948 1.246855 6.698359 10.000297 11.842318 14.994001
0.302311 0.495202 0.119343 0.106795 0.050135 0.657041 0.788268 0.203625 99.993021 8.987977 199.966765 61.111710 8.000645 80.027113 60.010898 11.817605 7.997911 2.000773 0.413455 4.998744 40.000784 1.246875 6.698125 10.000532 11.994966 11.636797
0.303750 0.493701 0.102490 0.113190 0.050193 0.658348 0.789220 0.203814 99.993473 8.997871 199.861636 60.814948 8.035875 80.024389 60.001990 11.998345 7.998588 2.001402 0.404827 4.999612 40.001430 1.246743 6.697091 10.002628 11.994547 8.223243
0.261500 0.498304 0.115871 0.097241 0.051451 0.656182 0.792620 0.203472 99.998256 8.995150 187.475121 119.992179 8.088428 101.327091 60.020934 11.997969 7.917398 2.000076 0.402979 4.998966 40.000368 1.245351 6.693318 10.000191 11.995818 14.955453
0.252165 0.485494 0.115872 0.111878 0.051776 0.660092 0.789283 0.200514 99.992439 1.103886 160.691716 119.909485 8.011604 100.123282 60.024415 8.000534 7.958021 2.001929 0.414567 4.999029 40.001355 1.245654 6.698173 10.000257 11.996381 14.948548
0.308657 0.495683 0.122829 0.110773 0.052504 0.658450 0.795467 0.200420 99.997493 8.997607 199.805200 77.608912 8.013529 80.279965 60.024832 11.866938 7.999754 2.000243 0.400821 4.999626 40.000789 1.249567 6.686142 10.001326 11.994657 14.991251
0.223634 0.485851 0.109961 0.111930 0.052434 0.668301 0.788216 0.203712 99.996553 8.991712 161.246805 119.986526 8.012157 100.651292 60.022436 8.023779 7.999587 2.002900 0.414589 4.998968 40.001349 1.248546 6.686092 10.001282 11.993948 14.868716
0.320011 0.496112 0.131230 0.114616 0.050348 0.666565 0.796441 0.200326 99.991393 8.969290 199.960586 105.516326 8.002416 85.465845 60.037483 11.977500 7.956200 2.012798 0.413183 4.999588 40.001954 1.245732 6.699953 10.000812 11.993747 14.979750
0.306751 0.497525 0.103111 0.097131 0.050298 0.657867 0.789081 0.200037 99.992335 8.999958 199.828935 64.393087 8.007438 80.034448 60.003190 11.936356 7.998167 2.000227 0.412976 4.998990 40.000333 1.249995 6.683063 10.000682 11.995775 14.990814
0.333519 0.495614 0.105562 0.097233 0.052561 0.657441 0.793713 0.200411 99.999661 8.995735 199.810247 81.116738 8.001371 80.064028 60.009388 11.998476 7.999814 2.000244 0.406192 4.999611 40.000795 1.249894 6.697278 10.001299 11.995185 14.530323
0.250499 0.495104 0.119310 0.093477 0.062377 0.673046 0.788003 0.200684 99.993026 8.992019 199.802346 119.763194 8.013567 96.315218 60.001938 11.999028 7.995617 2.000059 0.400517 4.999616 40.001751 1.246846 6.698333 10.000532 11.985021 11.931858
0.249358 0.499083 0.119496 0.114463 0.050367 0.658186 0.796517 0.200766 99.991392 8.996308 199.937421 119.956366 8.001416 95.971753 60.025268 11.974025 7.817332 2.012505 0.405800 4.995087 40.000018 1.245660 6.699941 10.039947 11.993759 11.509372
0.308314 0.481848 0.115742 0.109830 0.051320 0.658516 0.795894 0.203728 99.997473 8.997694 173.163821 119.991181 8.096030 100.915551 60.024438 8.223709 7.998338 2.001680 0.407517 4.999343 40.001381 1.246720 6.699799 10.003013 11.986510 14.998952
0.221256 0.481731 0.113894 0.087341 0.054053 0.635627 0.796349 0.203740 99.976073 7.598346 161.267031 119.988926 8.018502 102.723687 61.018783 8.000190 7.959526 2.000110 0.404474 4.994804 40.001355 1.245601 6.699971 10.000049 11.943760 14.956499
0.243289 0.495572 0.117733 0.110066 0.051490 0.657209 0.793817 0.200668 99.992921 8.999204 188.428837 119.971031 8.023947 96.777420 60.010863 8.164187 7.956816 2.000411 0.413337 4.999426 40.001357 1.249871 6.689678 10.000296 11.995609 14.942936
0.222360 0.495141 0.109592 0.097496 0.056249 0.679511 0.787220 0.203466 99.997754 8.993495 199.847767 74.255132 8.012917 80.229550 60.036500 11.995154 7.930874 2.007380 0.406002 4.996347 40.000743 1.249919 6.686125 10.000585 11.986110 10.580396
0.302957 0.489720 0.116481 0.113191 0.050200 0.658043 0.789284 0.200562 99.998069 8.997065 199.855791 101.585563 8.023366 80.141445 60.001659 11.974735 7.997072 2.001388 0.405088 4.999674 40.000830 1.249615 6.682195 10.000132 11.994522 14.990481
0.307141 0.489726 0.103748 0.099883 0.051753 0.635071 0.789566 0.203806 99.996117 8.993841 197.338845 105.666626 8.019887 80.548035 60.022238 11.989231 7.998069 2.000308 0.407780 4.997739 40.000031 1.245848 6.699560 10.002163 11.751519 14.957718
0.242035 0.498283 0.115570 0.097063 0.054003 0.681781 0.789475 0.202406 99.993342 8.996905 174.856301 119.908698 8.001280 97.822921 60.073535 8.161914 7.959756 2.012499 0.407831 4.999454 40.000051 1.249904 6.689640 10.000290 11.993940 14.994559
0.258902 0.495460 0.103250 0.112639 0.052533 0.658168 0.796012 0.200768 99.994363 8.998506 183.003725 119.716722 8.013499 100.647487 60.004373 8.204948 7.999760 2.001981 0.407811 4.999040 40.001351 1.249926 6.699489 10.000256 11.986668 14.991348
0.243300 0.489608 0.105435 0.092082 0.050366 0.670549 0.793787 0.203692 99.993269 8.995799 188.519267 119.971066 8.001588 97.822921 60.002293 11.998412 7.999198 2.000626 0.407060 4.999578 40.000029 1.249894 6.697148 10.000014 11.994129 14.992478
0.307311 0.491229 0.116355 0.110064 0.056876 0.621060 0.789575 0.200611 99.995832 8.999715 184.745350 119.936009 8.001365 98.600002 60.021387 8.317924 7.998431 2.000753 0.418326 4.999001 40.002378 1.249909 6.699717 10.000215 11.986611 14.957638
0.308315 0.495913 0.115675 0.100412 0.052490 0.637171 0.795983 0.200039 99.997552 8.993480 199.856503 74.426061 8.022022 80.034066 60.038110 11.998379 7.998362 2.001387 0.413172 4.999641 40.000056 1.249689 6.685536 10.003013 11.986180 13.952750
0.248251 0.487975 0.105510 0.094707 0.053211 0.660486 0.789478 0.203740 99.991434 8.995818 175.459019 119.993416 8.002270 93.332653 60.001977 8.110457 7.998901 2.012669 0.423320 4.999755 40.001418 1.247453 6.697098 10.007922 11.994157 14.994908
0.308314 0.495506 0.115762 0.100199 0.051320 0.669976 0.795972 0.200391 99.997473 8.997677 188.045976 119.990443 8.000869 100.899125 60.024438 8.223709 7.998338 2.001385 0.407490 4.999345 40.000070 1.246718 6.697055 10.003013 11.986438 14.998806
0.307708 0.495480 0.116202 0.109769 0.050361 0.660885 0.789245 0.203572 99.988752 8.997104 199.898096 119.998958 8.096460 99.330365 60.007346 11.998323 7.995986 2.000260 0.402074 4.999624 40.001396 1.246654 6.696894 10.007587 11.997905 14.994740
0.269989 0.489484 0.109337 0.097070 0.054004 0.657509 0.798302 0.203430 99.994391 8.995087 191.862837 119.994403 8.013265 100.638302 60.005719 11.975314 7.998417 2.000260 0.414693 4.994830 40.000621 1.249879 6.692359 10.000255 11.996120 14.922134
0.230757 0.495982 0.115838 0.099761 0.051769 0.632991 0.796125 0.203606 99.978791 8.993826 199.685919 96.676796 8.004481 80.181500 60.021915 11.965031 7.959357 2.000463 0.400295 4.999558 40.000030 1.249899 6.699465 10.000828 11.985331 14.819847
0.309858 0.489705 0.130832 0.092742 0.051522 0.621100 0.789283 0.200454 99.992464 8.999747 199.826395 101.919518 8.023448 81.128503 60.075148 11.959678 7.937730 2.000258 0.407209 4.997163 40.000831 1.245671 6.699739 10.003040 11.992614 14.959262
0.307141 0.490034 0.103327 0.109020 0.050251 0.648616 0.789566 0.203812 99.991917 8.993506 199.859734 105.582260 8.024238 80.452147 60.002625 11.959633 7.996306 2.000285 0.409921 4.997727 40.002433 1.247878 6.696813 10.001794 11.994855 14.993128
0.334428 0.498265 0.104906 0.097041 0.051448 0.622284 0.789576 0.203477 99.998348 8.988073 199.955432 99.659105 8.007528 80.756322 60.071026 11.974809 7.998725 2.000245 0.402936 4.998958 40.000364 1.249919 6.693313 10.001148 11.995826 14.867945
0.329455 0.496040 0.115908 0.111097 0.052440 0.652276 0.796192 0.204393 99.996555 8.992210 199.045502 119.813819 8.012008 91.111651 60.022420 11.999560 7.999865 2.002899 0.414503 4.999006 40.000085 1.249617 6.686103 10.001278 11.994986 14.634336
0.333004 0.491481 0.110067 0.115515 0.050203 0.670310 0.796356 0.203771 99.993827 8.998485 198.754303 119.953230 8.008947 96.271419 60.037865 11.849725 7.997218 2.001641 0.400627 4.999644 40.002399 1.249719 6.697088 10.001829 11.986437 8.206600
0.274350 0.495452 0.102523 0.112685 0.056769 0.669287 0.789558 0.200222 99.996586 8.995920 199.806109 70.748884 8.004523 80.007091 60.011041 11.456820 7.912761 2.001656 0.413220 4.999749 40.001864 1.247480 6.699553 10.007862 11.982186 11.807505
0.302359 0.493725 0.102568 0.113191 0.050193 0.658348 0.789387 0.203814 99.991787 8.993456 199.861678 60.828030 8.035803 80.024389 60.001247 11.998379 7.996283 2.000776 0.404827 4.999612 40.001429 1.247878 6.693638 10.003019 11.994539 14.901246
0.320054 0.481208 0.103482 0.109650 0.053262 0.672047 0.789649 0.203771 99.992988 8.969348 199.840118 86.886810 8.005655 80.120470 60.025206 11.977521 7.999234 2.001401 0.403851 4.999434 40.000024 1.247152 6.697998 10.000272 11.994599 14.977512
0.304839 0.495788 0.119596 0.097342 0.051316 0.658041 0.789424 0.200260 99.997473 8.992240 199.501160 84.515432 8.096033 80.529433 60.002799 11.779474 7.998339 2.000219 0.407718 4.999843 40.000803 1.246657 6.683205 10.000973 11.997281 14.990820
0.300487 0.495988 0.108950 0.109684 0.052490 0.637123 0.797429 0.203800 99.995797 8.993078 196.463466 119.889413 8.000373 96.642871 60.019349 11.995810 7.966623 2.000777 0.414400 4.999017 40.000807 1.249886 6.689687 10.000623 11.985264 14.942811
0.298771 0.498844 0.106780 0.109663 0.053215 0.672080 0.789787 0.202333 99.929274 8.993633 199.854221 119.992681 8.004341 96.643906 60.001310 11.971944 7.999091 2.000794 0.406064 4.998972 40.003697 1.244727 6.699324 10.000283 11.986824 10.350407
0.307705 0.477369 0.116202 0.109769 0.050199 0.658728 0.789401 0.203675 99.999217 8.993061 173.984416 119.971331 8.096733 99.510368 60.007616 8.159357 7.995986 2.001680 0.402440 4.998998 40.001396 1.246645 6.699792 10.007587 11.994569 14.998956
0.222740 0.495477 0.122932 0.112549 0.051442 0.636621 0.795846 0.200767 99.994374 8.999549 199.885186 119.949475 8.022196 94.366829 60.024349 11.997210 7.997248 2.000582 0.410852 4.999655 40.001368 1.249908 6.699760 10.000372 11.995766 8.015652
0.305831 0.493060 0.103261 0.115517 0.050095 0.657893 0.784783 0.203762 99.991381 8.998485 199.789253 119.956503 8.013661 95.969569 60.025406 11.964246 7.963030 2.000391 0.400247 4.999750 40.000089 1.249799 6.697008 10.002375 11.997154 12.866738
0.252266 0.498828 0.115741 0.117808 0.050355 0.670014 0.796437 0.200632 99.997535 8.997690 195.556406 119.970174 8.001368 103.731807 60.002155 11.973693 7.999198 2.000169 0.414847 4.994918 40.001333 1.245690 6.697055 10.002997 11.986495 14.998917
0.274556 0.488284 0.109715 0.094519 0.052511 0.660179 0.796463 0.203325 97.267026 0.459558 157.049914 119.995334 8.023884 100.218246 60.023357 8.199624 7.999532 2.000004 0.404768 4.994837 40.000827 1.246730 6.692998 10.000031 11.987005 14.994569
0.230757 0.495950 0.118054 0.099761 0.051753 0.634984 0.796247 0.203606 99.978791 8.993826 199.652772 98.149299 8.011230 80.269039 60.021964 11.962272 7.997206 2.000805 0.407892 4.996969 40.001234 1.248803 6.699560 10.000168 11.985418 14.826962
0.307820 0.495793 0.122708 0.109703 0.053256 0.638168 0.795983 0.200028 99.992982 8.993456 199.854035 60.820940 8.020803 80.035919 60.001603 11.998697 7.996536 2.001405 0.403722 4.999445 40.000056 1.247317 6.685234 10.003019 11.994981 13.942130
0.267501 0.495686 0.122372 0.106816 0.052585 0.658425 0.788251 0.203682 99.996499 8.995674 199.886692 72.276948 8.006546 80.010816 60.009375 11.830809 7.998527 2.000421 0.404423 4.999878 40.000237 1.249621 6.698077 10.000435 11.987082 14.555776
0.222964 0.495639 0.109578 0.107000 0.052545 0.636228 0.789419 0.200085 99.997445 8.992987 199.481379 70.322187 8.036172 80.119438 60.004162 11.975979 7.996592 2.005760 0.404246 4.999993 40.001381 1.249691 6.680713 10.000355 11.960900 14.837311
0.250117 0.489579 0.109223 0.091958 0.062275 0.670618 0.793724 0.200066 99.994326 8.995528 199.696957 81.205192 8.020345 80.226131 60.002109 11.999468 7.999746 2.000246 0.400368 4.998808 40.000011 1.249543 6.698258 10.003015 11.981176 14.998658
0.326225 0.489545 0.117900 0.115597 0.051402 0.658815 0.796356 0.216522 99.993738 8.998485 199.783465 119.953230 8.020640 91.793265 60.019641 11.539606 7.927954 2.001321 0.403010 4.999759 40.000817 1.247096 6.697088 10.002137 11.992772 10.574329
0.251241 0.495873 0.103780 0.111100 0.065507 0.652508 0.793748 0.200125 99.993018 8.995032 199.768383 76.388030 8.001386 80.064000 60.036260 11.998465 7.996594 2.001867 0.413448 4.999616 40.000156 1.249900 6.698258 10.000504 11.981176 14.981940
0.308290 0.489728 0.116023 0.110089 0.050427 0.638158 0.796578 0.200360 94.752234 0.256006 157.133510 119.897072 8.024028 100.914938 62.226699 8.160742 7.995975 2.000862 0.400477 4.998949 40.002474 1.246686 6.685950 10.001798 11.707920 14.998912
0.251414 0.489798 0.102659 0.109570 0.052446 0.641149 0.789081 0.200676 99.999384 0.740834 157.456329 119.970248 8.002256 100.434819 60.003074 8.223532 7.997962 2.001372 0.407291 4.999278 40.000703 1.249997 6.697975 10.000141 11.994276 14.960042
0.302311 0.495202 0.116793 0.106795 0.050135 0.657041 0.788268 0.203625 99.993021 8.999721 199.817202 106.984641 8.000645 80.270642 60.010898 11.817605 7.999747 2.000426 0.413455 4.999005 40.000784 1.249945 6.698073 10.000532 11.985383 14.991078
0.309661 0.495170 0.130999 0.092844 0.050236 0.621641 0.796078 0.200658 99.993542 8.996763 199.824440 92.849157 8.024969 81.136420 60.004178 11.961300 7.999351 2.001389 0.404128 4.999542 40.000827 1.249674 6.682269 10.000638 11.992295 14.971614
0.254786 0.498184 0.114632 0.120234 0.050347 0.658564 0.796411 0.203799 99.992782 8.998230 199.805821 73.996881 8.014798 80.095483 60.037722 11.820453 7.999426 2.001607 0.404346 4.998975 40.000344 1.249457 6.696796 10.001829 11.986121 14.889595
0.300330 0.495110 0.119361 0.092869 0.052750 0.632383 0.796034 0.200404 99.994809 8.988066 199.806214 118.060478 8.006720 94.455252 60.011105 11.999097 7.999131 2.000057 0.404368 4.999339 40.001431 1.246919 6.697207 10.000316 11.984976 9.976865
0.296965 0.494628 0.118037 0.106832 0.050244 0.621947 0.789787 0.200755 99.992499 8.993177 199.852378 82.422125 8.004177 80.393490 60.036702 11.999067 7.997796 2.007251 0.407766 4.994383 40.006783 1.248363 6.687014 10.000414 11.986825 14.971902
0.250815 0.495712 0.105489 0.110512 0.050236 0.660947 0.796432 0.203801 99.991788 8.971757 199.910532 87.680932 8.014507 80.475507 60.024076 11.819812 7.999411 2.000774 0.407781 4.998976 40.000788 1.249509 6.696822 10.000282 11.985769 14.957112
0.249358 0.496389 0.122883 0.114463 0.050354 0.654915 0.792721 0.200324 99.991455 8.999500 199.938261 119.949914 8.021560 94.373598 60.025225 11.974025 7.997340 2.019453 0.407448 4.995030 40.000578 1.245772 6.699941 10.000831 11.987817 11.488100
0.335580 0.493695 0.115856 0.097296 0.056893 0.657046 0.789585 0.203506 99.994569 8.994734 199.955465 60.244031 8.001218 80.012141 60.070520 11.972663 7.995556 2.000245 0.406231 4.999659 40.000371 1.249824 6.596574 10.858358 11.995823 7.101759
0.304062 0.498168 0.125503 0.103343 0.050201 0.658233 0.798921 0.200758 99.991243 8.993384 196.933826 119.970174 8.005338 103.709970 60.037728 11.982324 7.959120 2.000515 0.414408 4.999285 40.000354 1.249897 6.699918 10.006643 11.993948 14.982241
0.308088 0.496114 0.103422 0.119011 0.053940 0.660945 0.796510 0.203813 99.991962 8.997513 199.805739 61.901456 8.012993 80.091398 60.023970 11.819794 7.997162 2.011825 0.400433 4.999791 40.001438 1.249509 6.681957 10.036264 11.998344 8.236380
0.270479 0.489627 0.124546 0.097121 0.052453 0.658402 0.798154 0.203820 99.993461 8.997070 157.735387 119.995116 8.017179 100.217851 60.005313 8.193116 7.999554 2.000261 0.414864 4.999555 40.000816 1.246780 6.697092 10.000030 11.985879 14.994526
0.244909 0.499195 0.116205 0.114525 0.050366 0.658186 0.796572 0.200766 99.988753 8.997197 199.937421 119.937965 8.019748 95.905894 60.026122 11.974025 7.902825 2.000252 0.401970 4.995092 40.000085 1.247170 6.696907 10.003554 11.993752 12.476449
0.305450 0.498058 0.104223 0.113062 0.050184 0.658262 0.796523 0.200536 99.991733 8.996881 199.915013 119.996188 8.004028 93.858953 60.022340 11.986227 7.904844 2.000166 0.405812 4.999730 40.000009 1.246515 6.692412 10.002313 11.993590 14.975060
0.307698 0.477144 0.116202 0.116461 0.050191 0.658728 0.789218 0.203686 99.999217 8.993061 188.431232 119.971921 8.096733 99.510368 60.024443 8.159357 7.995986 2.001680 0.402440 4.998998 40.001394 1.246642 6.699792 10.003024 11.994569 14.999857
0.250819 0.495678 0.105562 0.097233 0.050708 0.655103 0.796759 0.200411 99.993901 8.993329 199.856670 75.183404 8.001371 80.194849 60.025002 11.998476 7.995046 2.012574 0.407708 4.999616 40.000795 1.249894 6.697278 10.002421 11.985701 14.983379
